1001
2702
11585
 
1002
1575
2827
 
1003
1600
3887
 
1004
1160
1968
 
1005
1126
2845
 
1006
957
2128
 
1007
1449
3976
 
1008
2056
4771
 
1009
1186
1922
 
1010
2496
6631
 
1011
795
2247
 
1012
2135
4728
 
1013
1419
2730
 
1014
1111
3653
 
1015
1407
3176
 
1016
1272
3216
 
1017
483
1166
 
1018
608
1907
 
1019
590
956
 
1020
248
769
 
1021
326
645
 
1022
910
1450
 
1023
504
1279
 
1024
1091
1550
 
1025
859
1361
 
1026
1418
3157
 
1027
610
2365
 
1028
497
1111
 
1029
1114
2562
 
1030
880
2113
 
1031
1449
3632
 
1032
276
553
 
1033
233
594
 
1034
834
1608
 
1035
151
367
 
1036
2739
6670
 
1037
865
1478
 
1038
441
993
 
1039
1
99
 
1040
814
2070
 
1041
986
2303
 
1042
730
1244
 
1043
283
719
 
1044
707
1955
 
1045
1056
2411
 
1046
933
2779
 
1047
946
1790
 
1048
396
556
 
1049
395
986
 
1050
810
1634
 
1051
1321
2505
 
1052
504
1101
 
1053
981
1773
 
1054
661
1213
 
1055
548
931
 
1056
420
1587
 
1057
800
1589
 
1058
720
2064
 
1059
1134
2307
 
1060
358
1460
 
1061
1335
2141
 
1062
216
336
 
1063
389
694
 
1064
520
1021
 
1065
267
446
 
1066
960
1980
 
1067
589
2261
 
1068
345
546
 
1069
607
1720
 
1070
1047
2620
 
1071
370
1207
 
1072
642
1035
 
1073
167
716
 
1074
120
225
 
1075
49
83
 
1076
542
912
 
1077
113
192
 
1078
255
440
 
1079
652
1021
 
1080
65
123
 
1081
149
281
 
1082
394
830
 
1083
936
1451
 
1084
696
1378
 
1085
514
974
 
1086
351
650
 
1087
1044
1775
 
1088
1048
1763
 
1089
459
889
 
1090
436
658
 
1091
85
229
 
1092
9
87
 
1093
708
1812
 
1094
91
484
 
1095
511
1257
 
1096
1056
2524
 
1143
597
1183
 
1144
31
71
 
1145
187
318
 
1146
647
2225
 
1147
9
36
 
1148
170
378
 
1149
225
413
 
1150
335
803
 
1151
190
302
 
1152
66
102
 
1153
27
92
 
1154
5
13
 
1155
5
93
 
1156
7
16
 
1157
14
27
 
1158
12
83
 
1159
1
12
 
1160
31
116
 
1161
23
44
 
1162
15
32
 
1177
402
1040
 
1178
167
446
 
1179
631
1679
 
1184
0
6
 
1185
295
664
 
1186
2
16
 
1187
337
668
 
1188
292
466
 
1189
333
877
 
1190
271
478
 
1191
1034
2177
 
1192
1403
1906
 
1193
426
933
 
1194
83
157
 
1195
266
833
 
1196
687
1253
 
1197
459
794
 
1198
148
215
 
1199
102
230
 
1200
131
276
 
1201
108
156
 
1202
795
1653
 
1203
0
25
 
1204
1
10
 
1205
52
118
 
1206
147
238
 
1207
825
1595
 
1208
1845
4827
 
1209
55
155
 
1210
85
294
 
1211
446
1412
 
1212
268
687
 
1213
291
976
 
1214
153
191
 
1215
14
59
 
1216
218
411
 
1217
181
313
 
1218
576
1208
 
1219
28
42
 
1220
105
467
 
1221
383
724
 
1222
182
324
 
1223
97
219
 
1224
126
356
 
1225
172
438
 
1226
263
440
 
1227
286
646
 
1228
212
389
 
1235
19
59
 
1237
364
995
 
1238
16
20
 
1239
22
58
 
1257
992
2135
 
1258
136
233
 
1259
82
129
 
1260
442
747
 
1261
123
200
 
1262
33
43
 
1263
384
777
 
1264
401
608
 
1265
79
169
 
1266
489
1427
 
1268
9
79
 
1269
797
2181
 
1277
51
59
 
1286
35
65
 
1289
33
55
 
1290
46
80
 
1291
22
26
 
1292
77
181
 
1293
619
1146
 
1294
193
301
 
1295
486
939
 
1296
569
975
 
1297
473
687
 
1298
72
173
 
1303
956
1457
 
1304
255
414
 
1305
668
1594
 
1306
382
847
 
1325
1
27
 
1361
30
114
 
1406
452
773
 
1407
347
779
 
1408
240
372
 
1411
247
569
 
1412
812
1565
 
1413
329
499
 
1414
163
357
 
1415
480
817
 
1416
245
369
 
1432
498
678
 
1433
577
1326
 
1434
185
317
 
1435
108
172
 
1443
304
704
 
1444
184
613
 
1449
257
464
 
1452
767
1312
 
1453
133
270
 
1483
573
1333
 
1484
144
297
 
1485
383
696
 
1486
585
1234
 
1487
156
285
 
1488
181
274
 
1489
220
417
 
1490
9
21
 
1491
550
943
 
1492
854
1909
 
1493
485
1087
 
1494
275
460
 
1495
183
329
 
1496
98
142
 
1497
1367
2775
 
1498
226
308
 
1499
584
1014
 
1500
2251
7440
 
1501
143
220
 
1502
377
671
 
1503
2465
6968
 
1504
81
171
 
1505
168
242
 
1506
52
108
 
1507
865
2279
 
1508
67
144
 
1509
234
432
 
1558
113
432
 
1559
181
556
 
1560
269
572
 
1561
64
152
 
1562
636
1244
 
1563
612
1974
 
1564
392
530
 
1565
701
1480
 
1566
488
924
 
1567
334
601
 
1568
150
441
 
1569
120
297
 
1570
108
217
 
1588
3209
9461
 
1597
693
1950
 
1758
374
1064
 
1786
302
502
 
1787
607
1405
 
1788
0
107
 
1789
247
403
 
1790
81
231
 
1791
195
1109
 
1792
0
51
 
1793
29
72
 
1794
71
139
 
1795
14
47
 
1796
16
48
 
1797
511
1242
 
1798
1141
3040
 
1799
248
671
 
1800
774
935
 
1801
524
911
 
1802
107
284
 
1804
42
113
 
1805
81
196
 
1806
218
330
 
1807
62
142
 
1808
33
56
 
1809
53
166
 
1810
65
131
 
1811
111
380
 
1812
153
284
 
1813
15
26
 
1815
53
141
 
1816
508
1341
 
1817
13
42
 
1818
225
471
 
1819
250
756
 
1820
344
890
 
1821
648
1349
 
1822
293
1013
 
1823
459
954
 
1824
67
262
 
1825
37
95
 
1826
311
581
 
1830
147
216
 
1831
269
395
 
1832
269
736
 
1833
716
1620
 
1834
895
1803
 
1835
377
776
 
1843
8
49
 
1845
204
845
 
1853
458
1284
 
1854
945
2645
 
1855
339
746
 
1856
454
883
 
1857
347
663
 
1858
664
1298
 
1860
138
241
 
1861
387
660
 
1862
306
799
 
1864
320
479
 
1867
177
466
 
1875
332
748
 
1876
542
1701
 
1877
623
1207
 
1878
957
1959
 
1879
203
403
 
1880
231
645
 
1891
50
169
 
1898
364
635
 
1899
199
316
 
1910
136
264
 
1911
1111
2521
 
1912
321
554
 
1913
214
526
 
1917
81
134
 
1918
61
99
 
1919
55
104
 
1920
20
41
 
1921
64
113
 
1922
325
812
 
1923
294
493
 
1924
215
558
 
1925
473
781
 
1926
181
491
 
1927
769
1295
 
1930
197
992
 
1931
33
93
 
1932
93
210
 
1933
117
333
 
1934
739
1197
 
1935
252
609
 
1936
5
9
 
1937
104
284
 
1941
190
346
 
1951
445
1137
 
1952
22
72
 
1953
25
58
 
1965
214
364
 
1966
107
289
 
1967
77
167
 
1968
821
1088
 
1969
74
162
 
1970
114
206
 
1972
78
123
 
1974
76
213
 
1975
293
913
 
1996
657
1017
 
1997
331
801
 
1998
121
257
 
1999
174
598
 
2000
87
227
 
2001
289
609
 
2002
2477
4631
 
2003
110
197
 
2004
271
369
 
2005
1148
1926
 
2006
740
1542
 
2007
715
1507
 
2008
0
41
 
2009
83
136
 
2029
11
24
 
2030
27
80
 
2031
11
16
 
2032
43
123
 
2033
10
31
 
2034
96
252
 
2035
18
59
 
2037
217
400
 
2038
1425
3181
 
2039
308
634
 
2040
37
117
 
2041
10
14
 
2042
12
35
 
2043
2
3
 
2048
347
781
 
2049
1653
3650
 
2108
16
32
 
2109
254
609
 
2110
4
47
 
2111
198
1185
 
2112
43
71
 
2115
496
1099
 
2116
34
94
 
2117
13
83
 
2118
167
438
 
2119
62
113
 
2120
646
1674
 
2121
136
287
 
2122
73
133
 
2123
20
35
 
2124
201
525
 
2125
94
216
 
2126
105
211
 
2127
345
752
 
2128
71
202
 
2129
36
54
 
2130
2
2
 
2131
142
208
 
2132
268
377
 
2133
68
89
 
2134
328
438
 
2135
40
64
 
2136
25
30
 
2137
74
177
 
2138
19
37
 
2139
34
43
 
2140
208
441
 
2141
301
768
 
2142
274
679
 
2143
103
259
 
2144
83
159
 
2145
69
189
 
2146
36
93
 
2147
29
38
 
2148
0
12
 
2149
52
115
 
2150
260
444
 
2151
134
253
 
2152
373
689
 
2153
88
144
 
2154
409
1037
 
2155
19
26
 
2156
37
67
 
2157
138
221
 
2158
30
56
 
2159
61
144
 
2160
157
402
 
2161
61
77
 
2162
82
163
 
2163
114
151
 
2164
33
61
 
2165
174
444
 
2166
8
12
 
2167
10
17
 
2168
22
55
 
2169
58
84
 
2170
74
97
 
2171
9
10
 
2172
58
228
 
2173
239
369
 
2174
3
8
 
2186
429
1351
 
2190
880
1376
 
2202
2
14
 
2208
565
1385
 
2209
425
896
 
2219
23
338
 
2221
69
369
 
2222
114
320
 
2226
331
740
 
2227
295
581
 
2228
302
626
 
2229
296
771
 
2241
483
739
 
2242
598
1511
 
2243
1047
2685
 
2244
96
223
 
2245
512
1064
 
2246
78
133
 
2257
412
709
 
2281
118
217
 
2282
182
285
 
2283
47
101
 
2284
29
54
 
2285
91
305
 
2286
222
727
 
2298
297
680
 
2299
292
718
 
2300
238
486
 
2301
649
1539
 
2302
153
289
 
2303
294
719
 
2304
96
306
 
2305
0
12
 
2306
221
472
 
2307
10
98
 
2309
16
61
 
2323
148
284
 
2324
611
1546
 
2325
358
978
 
2326
635
1120
 
2327
123
241
 
2328
161
318
 
2329
267
555
 
2330
799
2747
 
2331
256
584
 
2332
13
39
 
2333
314
832
 
2334
8
11
 
2335
118
385
 
2336
117
330
 
2337
298
540
 
2338
371
899
 
2339
255
427
 
2342
376
1065
 
2423
347
899
 
2424
342
523
 
2425
101
171
 
2426
137
206
 
2427
145
351
 
2428
170
597
 
2429
289
416
 
2431
586
1025
 
2432
179
327
 
2433
347
665
 
2434
735
1290
 
2435
671
2262
 
2436
249
353
 
2437
249
381
 
2438
191
938
 
2439
61
150
 
2440
587
1212
 
2441
105
295
 
2456
713
1663
 
2457
83
191
 
2458
221
688
 
2459
68
160
 
2460
159
298
 
2461
44
89
 
2462
230
565
 
2463
648
899
 
2464
138
326
 
2465
79
165
 
2466
160
415
 
2467
225
331
 
2468
18
106
 
2469
14
24
 
2470
5
7
 
2523
45
82
 
2535
267
385
 
2538
16
28
 
2539
157
432
 
2540
4
15
 
2541
6
10
 
2542
91
250
 
2543
0
11
 
2544
14
17
 
2545
1
2
 
2546
1
1
 
2547
85
164
 
2548
43
74
 
2549
14
21
 
2550
4
16
 
2553
95
266
 
2555
147
434
 
2560
162
242
 
2561
338
665
 
2562
0
4
 
2563
240
324
 
2564
81
193
 
2565
375
699
 
2566
58
131
 
2567
8
14
 
2568
131
293
 
2569
18
46
 
2570
9
30
 
2576
16
81
 
2584
91
208
 
2588
472
2192
 
2589
40
602
 
2594
385
1227
 
2595
234
645
 
2596
33
66
 
2597
233
503
 
2598
15
58
 
2600
224
430
 
2602
23
45
 
2618
193
339
 
2622
69
219
 
2623
17
27
 
2624
46
121
 
2648
263
876
 
2651
32
51
 
2652
19
38
 
2653
361
586
 
2654
154
393
 
2655
57
77
 
2656
476
924
 
2657
343
528
 
2658
110
180
 
2659
463
814
 
2660
161
276
 
2661
232
569
 
2662
235
422
 
2663
84
199
 
2664
40
68
 
2665
139
228
 
2666
112
280
 
2667
37
92
 
2668
249
707
 
2669
104
186
 
2670
20
43
 
2671
26
36
 
2705
765
1173
 
2706
83
277
 
2707
116
283
 
2726
147
567
 
2727
221
429
 
2728
213
431
 
2729
465
1014
 
2730
408
854
 
2731
170
304
 
2732
382
901
 
2733
710
1351
 
2734
366
630
 
2741
351
1368
 
2742
165
402
 
2743
598
1168
 
2744
154
552
 
2745
73
152
 
2746
169
480
 
2747
60
123
 
2748
510
774
 
2749
221
415
 
2750
145
324
 
2751
451
1035
 
2752
257
741
 
2753
483
1358
 
2754
377
797
 
2755
23
62
 
2756
380
1556
 
2757
181
747
 
2758
67
149
 
2759
50
157
 
2760
121
214
 
2761
793
2068
 
2762
160
592
 
2763
376
966
 
2764
177
545
 
2765
104
435
 
2766
68
245
 
2767
37
85
 
2768
403
581
 
2780
110
425
 
2783
305
519
 
2785
0
10
 
2787
10
62
 
2804
30
66
 
2805
80
101
 
2806
303
530
 
2807
0
4
 
2809
719
1483
 
2810
21
61
 
2811
134
249
 
2815
340
573
 
2816
132
243
 
2817
28
95
 
2818
883
1960
 
2819
373
968
 
2821
477
1619
 
2822
190
284
 
2823
179
441
 
2824
71
158
 
2825
32
68
 
2826
7
17
 
2827
29
112
 
2831
18
40
 
2840
0
2
 
2843
75
119
 
2844
218
518
 
2875
573
1003
 
2876
394
821
 
2877
192
440
 
2878
293
448
 
2879
454
811
 
2956
313
690
 
2957
255
532
 
2958
96
161
 
2959
49
68
 
2960
55
133
 
2961
131
306
 
2962
131
335
 
2963
27
36
 
2964
68
147
 
2965
83
203
 
3064
116
306
 
3065
307
1196
 
3083
280
1187
 
3085
73
213
 
3091
204
638
 
3097
154
421
 
3098
292
589
 
3099
0
493
 
3105
273
449
 
3106
162
378
 
3107
164
409
 
3108
206
333
 
3109
164
242
 
3110
742
1630
 
3111
275
387
 
3112
307
516
 
3122
267
623
 
3123
313
877
 
3124
223
485
 
3125
72
155
 
3129
109
153
 
3130
296
525
 
3131
132
253
 
3139
363
720
 
3140
296
709
 
3141
61
161
 
3142
395
765
 
3143
505
1160
 
3144
394
711
 
3147
8
11
 
3148
15
21
 
3149
21
38
 
3150
49
76
 
3151
18
27
 
3152
81
130
 
3153
165
405
 
3154
5
14
 
3155
276
587
 
3156
264
540
 
3157
177
327
 
3158
202
530
 
3159
66
136
 
3160
58
103
 
3161
12
18
 
3162
29
73
 
3168
61
200
 
3170
281
585
 
3171
298
512
 
3172
682
1482
 
3173
318
594
 
3174
181
374
 
3175
281
589
 
3190
253
730
 
3191
190
279
 
3192
317
518
 
3193
89
175
 
3195
91
138
 
3196
424
1002
 
3197
73
153
 
3198
139
431
 
3199
84
179
 
3202
81
258
 
3203
156
264
 
3204
34
58
 
3205
34
169
 
3206
66
140
 
3207
274
688
 
3208
249
370
 
3209
430
893
 
3210
148
301
 
3211
398
1097
 
3212
440
1003
 
3213
68
135
 
3214
217
598
 
3215
69
190
 
3216
67
147
 
3217
43
283
 
3218
198
545
 
3223
806
1486
 
3224
1240
3066
 
3225
43
59
 
3226
133
372
 
3227
54
93
 
3228
8
22
 
3229
146
301
 
3231
166
372
 
3232
265
557
 
3233
187
467
 
3234
66
151
 
3235
64
119
 
3237
205
644
 
3238
288
610
 
3240
311
711
 
3241
72
115
 
3242
146
275
 
3243
53
358
 
3244
162
447
 
3246
96
261
 
3286
30
132
 
3287
48
132
 
3288
111
160
 
3289
309
715
 
3293
322
613
 
3294
144
428
 
3295
433
1296
 
3305
37
55
 
3309
122
352
 
3316
156
568
 
3328
35
105
 
3329
73
197
 
3330
67
157
 
3331
68
197
 
3332
31
77
 
3333
117
263
 
3337
17
102
 
3351
43
156
 
3352
20
49
 
3353
2
2
 
3354
31
61
 
3413
32
97
 
3434
76
168
 
3436
144
254
 
3437
237
432
 
3438
161
334
 
3439
106
215
 
3440
25
62
 
3441
29
63
 
3442
62
152
 
3443
19
39
 
3444
85
240
 
3460
85
299
 
3461
4
14
 
3462
12
32
 
3463
12
56
 
3464
9
18
 
3465
7
12
 
3466
9
20
 
3481
32
144
 
3482
40
96
 
3489
103
366
 
3503
203
468
 
3504
294
555
 
3505
373
622
 
3506
297
394
 
3507
92
240
 
3508
9
16
 
3512
38
73
 
3513
70
192
 
3514
121
294
 
3516
87
160
 
3517
37
73
 
3519
95
168
 
3520
22
130
 
3527
351
499
 
3528
81
110
 
3529
241
405
 
3530
222
374
 
3531
275
501
 
3532
128
322
 
3533
82
215
 
3534
101
226
 
3542
30
115
 
3551
134
348
 
3553
68
184
 
3554
5
22
 
3555
278
666
 
3556
4
8
 
3557
4
31
 
3558
3
3
 
3559
16
29
 
3560
36
54
 
3561
30
47
 
3562
129
221
 
3563
143
396
 
3564
121
327
 
3565
20
47
 
3566
105
269
 
3567
10
33
 
3568
4
18
 
3569
91
223
 
3570
81
129
 
3571
264
463
 
3572
239
424
 
3573
338
582
 
3574
168
351
 
3575
79
251
 
3576
273
694
 
3577
26
86
 
3578
100
222
 
3591
22
51
 
3592
5
8
 
3593
2
2
 
3594
181
465
 
3595
88
235
 
3596
1
5
 
3597
70
135
 
3598
27
45
 
3599
2
7
 
3600
49
98
 
3601
58
95
 
3602
7
16
 
3603
0
7
 
3604
3
14
 
3605
1
2
 
3606
7
14
 
3607
6
6
 
3609
89
138
 
3610
25
76
 
3611
75
172
 
3612
34
57
 
3613
70
112
 
3614
17
32
 
3615
15
46
 
3616
14
42
 
3617
0
12
 
3618
8
24
 
3619
59
88
 
3620
65
126
 
3621
11
38
 
3622
24
40
 
3624
67
139
 
3625
25
66
 
3626
213
647
 
3627
17
52
 
3628
13
50
 
3629
155
435
 
3630
29
86
 
3631
301
628
 
3636
12
20
 
3637
29
111
 
3639
26
51
 
3640
79
244
 
3641
26
59
 
3643
27
49
 
3668
394
724
 
3669
322
554
 
3670
359
689
 
3671
278
565
 
3672
152
337
 
3673
230
557
 
3674
213
573
 
3675
114
291
 
3676
78
303
 
3677
24
33
 
3678
27
136
 
3679
43
55
 
3680
174
502
 
3681
31
69
 
3682
31
62
 
3683
20
47
 
3684
11
28
 
3685
182
486
 
3720
184
522
 
3729
25
91
 
3730
20
69
 
3731
40
140
 
3732
203
464
 
3738
13
42
 
3739
4
88
 
3743
84
165
 
3744
125
361
 
3745
32
83
 
3751
165
821
 
3786
79
255
 
3810
20
52
 
3811
0
38
 
3812
31
36
 
3813
113
173
 
3814
14
24
 
3815
6
7
 
3816
63
106
 
3817
19
43
 
3819
1
5
 
3820
10
11
 
3822
2
3
 
3823
77
382
 
3840
5
9
 
3841
16
21
 
3842
0
4
 
3843
4
17
 
3844
9
14
 
3845
2
3
 
3846
8
26
 
3847
18
62
 
3848
0
0
 
3849
1
2
 
3850
104
134
 
3851
22
56
 
3852
2
2
 
3853
50
107
 
3854
0
3
 
3855
4
16
 
3856
125
263
 
3857
12
25
 
3858
58
116
 
3859
1
2
 
3860
7
17
 
3861
7
14
 
3862
4
6
 
3863
3
5
 
3864
15
29
 
3865
0
1
 
3866
27
53
 
3867
29
58
 
3868
2
2
 
3869
1
2
 
3870
62
112
 
3871
1
4
 
3872
26
48
 
3873
20
39
 
3874
21
60
 
3875
60
120
 
3876
115
182
 
3877
2
4
 
3878
24
58
 
3879
30
76
 
3880
17
48
 
3881
47
200
 
3882
25
38
 
3883
0
6
 
3884
123
255
 
3885
28
65
 
3886
23
40
 
3887
22
36
 
3888
23
76
 
3889
9
37
 
3890
32
49
 
3891
74
93
 
3892
79
135
 
3893
71
146
 
3897
2
6
 
3898
3
4
 
3899
2
5
 
3900
18
32
 
3901
21
35
 
3902
5
5
 
3903
13
14
 
3904
16
24

3905
0
2

3906
2
2

3907
2
3

3908
3
5

3909
3
5

3910
3
4

