1000
7265
11711
1001
2775
11877
1002
1612
2894
1003
1639
3957
1004
1192
2011
1005
1160
2922
1006
989
2208
1007
1515
4144
1008
2104
4876
1009
1230
2003
1010
2577
6810
1011
818
2298
1012
2201
4863
1013
1469
2815
1014
1165
3810
1015
1433
3228
1016
1308
3307
1017
498
1192
1018
630
2000
1019
611
988
1020
252
784
1021
333
658
1022
953
1505
1023
528
1325
1024
1126
1607
1025
892
1428
1026
1491
3331
1027
631
2418
1028
517
1154
1029
1146
2635
1030
936
2250
1031
1519
3785
1032
282
565
1033
240
606
1034
850
1636
1035
167
406
1036
2901
7118
1037
894
1518
1038
463
1033
1039
1
100
1040
847
2210
1041
1016
2369
1042
747
1273
1043
299
755
1044
722
1999
1045
1083
2499
1046
957
2860
1047
979
1854
1048
410
572
1049
406
1011
1050
840
1682
1051
1371
2597
1052
528
1166
1053
1005
1808
1054
677
1249
1055
561
951
1056
434
1628
1057
825
1633
1058
738
2121
1059
1173
2387
1060
371
1491
1061
1380
2205
1062
218
340
1063
395
702
1064
526
1035
1065
272
461
1066
995
2063
1067
614
2380
1068
358
571
1069
636
1781
1070
1108
2778
1071
387
1249
1072
672
1081
1073
176
762
1074
124
231
1075
14
94
1076
562
938
1077
116
201
1078
265
454
1079
663
1041
1080
74
140
1081
154
291
1082
419
912
1083
956
1475
1084
709
1402
1085
537
1012
1086
374
683
1087
1070
1809
1088
1070
1796
1089
477
939
1090
449
676
1091
85
231
1092
10
92
1093
726
1854
1094
91
485
1095
543
1343
1096
1104
2627
1143
617
1226
1144
31
72
1145
188
320
1146
673
2297
1147
9
37
1148
171
394
1149
227
417
1150
361
866
1151
193
313
1152
67
107
1153
27
93
1154
5
14
1155
5
94
1156
7
17
1157
14
28
1158
12
85
1159
1
13
1160
31
116
1161
23
44
1162
15
32
1177
410
1064
1178
168
459
1179
646
1703
1184
0
6
1185
306
685
1186
2
16
1187
358
706
1188
326
519
1189
353
942
1190
284
512
1191
1054
2223
1192
1440
1956
1193
429
942
1194
84
158
1195
278
863
1196
696
1269
1197
467
806
1198
150
218
1199
109
255
1200
134
283
1201
113
165
1202
822
1711
1203
0
25
1204
1
10
1205
52
118
1206
149
240
1207
838
1616
1208
1907
4976
1209
56
158
1210
89
303
1211
456
1436
1212
292
728
1213
300
1002
1214
182
227
1215
14
59
1216
236
440
1217
190
340
1218
596
1241
1219
28
42
1220
108
473
1221
421
780
1222
193
341
1223
98
221
1224
132
364
1225
181
451
1226
269
454
1227
301
674
1228
226
423
1235
21
61
1237
378
1028
1238
19
23
1239
24
60
1257
1019
2191
1258
138
235
1259
84
132
1260
454
765
1261
130
209
1262
33
43
1263
397
807
1264
412
626
1265
80
172
1266
495
1465
1268
9
79
1269
834
2263
1277
51
59
1286
35
65
1289
33
55
1290
46
80
1291
22
26
1292
77
181
1293
642
1183
1294
198
306
1295
498
960
1296
585
996
1297
506
726
1298
75
180
1303
963
1469
1304
260
423
1305
694
1666
1306
393
864
1325
1
27
1361
30
114
1406
480
820
1407
357
803
1408
243
375
1411
252
577
1412
850
1648
1413
343
518
1414
165
360
1415
492
835
1416
248
376
1432
514
696
1433
585
1353
1434
198
341
1435
116
183
1443
313
722
1444
207
658
1449
263
472
1452
786
1342
1453
135
277
1483
599
1375
1484
153
329
1485
406
769
1486
611
1284
1487
174
331
1488
189
289
1489
223
423
1490
9
21
1491
564
962
1492
889
1984
1493
494
1105
1494
278
464
1495
185
332
1496
98
142
1497
1420
2882
1498
229
313
1499
596
1031
1500
2368
7782
1501
146
229
1502
394
707
1503
2521
7172
1504
86
194
1505
168
242
1506
54
111
1507
901
2328
1508
67
144
1509
236
440
1558
114
433
1559
186
570
1560
278
589
1561
64
152
1562
644
1261
1563
620
2000
1564
400
548
1565
720
1512
1566
495
937
1567
340
611
1568
152
444
1569
121
298
1570
112
225
1588
3319
9682
1597
723
2025
1758
399
1135
1786
315
515
1787
633
1451
1788
0
107
1789
255
416
1790
84
236
1791
196
1117
1792
0
51
1793
29
72
1794
78
148
1795
14
47
1796
16
48
1797
549
1303
1798
1165
3109
1799
251
685
1800
784
946
1801
547
945
1802
110
292
1804
43
114
1805
81
196
1806
226
341
1807
62
142
1808
36
62
1809
53
166
1810
65
131
1811
112
381
1812
153
284
1813
15
29
1815
55
143
1816
532
1398
1817
13
42
1818
264
541
1819
251
757
1820
344
890
1821
668
1391
1822
309
1059
1823
487
1015
1824
67
263
1825
37
95
1826
316
591
1830
154
226
1831
278
405
1832
280
756
1833
746
1683
1834
923
1860
1835
387
803
1843
8
49
1845
211
861
1853
489
1371
1854
979
2718
1855
353
766
1856
472
909
1857
366
692
1858
696
1343
1860
142
250
1861
407
711
1862
323
851
1864
328
489
1867
180
475
1875
381
853
1876
555
1737
1877
661
1283
1878
981
1996
1879
216
421
1880
245
663
1891
51
170
1898
388
674
1899
207
329
1910
138
266
1911
1148
2584
1912
331
581
1913
216
533
1917
84
137
1918
61
100
1919
57
106
1920
20
41
1921
64
113
1922
337
844
1923
310
514
1924
217
561
1925
494
814
1926
183
497
1927
795
1336
1930
201
1022
1931
34
97
1932
94
212
1933
117
333
1934
763
1238
1935
258
617
1936
5
9
1937
108
296
1941
192
349
1951
461
1170
1952
22
72
1953
25
58
1965
223
380
1966
107
290
1967
82
184
1968
837
1106
1969
74
162
1970
118
214
1972
78
123
1974
81
222
1975
312
976
1996
672
1045
1997
380
933
1998
124
263
1999
181
611
2000
93
236
2001
309
643
2002
2583
4874
2003
113
201
2004
277
375
2005
1211
2033
2006
772
1596
2007
739
1555
2008
0
43
2009
83
136
2029
11
24
2030
27
80
2031
11
16
2032
48
136
2033
12
34
2034
97
253
2035
18
59
2037
231
430
2038
1527
3357
2039
310
638
2040
38
118
2041
10
14
2042
12
37
2043
2
3
2048
348
783
2049
1756
3958
2108
16
37
2109
263
639
2110
4
47
2111
242
1319
2112
43
71
2115
528
1192
2116
35
99
2117
13
83
2118
180
470
2119
66
120
2120
678
1733
2121
138
289
2122
75
135
2123
20
35
2124
214
559
2125
100
231
2126
106
217
2127
394
838
2128
72
219
2129
38
57
2130
3
4
2131
146
212
2132
284
406
2133
68
89
2134
334
444
2135
40
64
2136
25
30
2137
74
177
2138
19
37
2139
34
43
2140
218
466
2141
321
794
2142
285
706
2143
106
263
2144
88
178
2145
74
195
2146
36
93
2147
31
50
2148
0
12
2149
54
124
2150
274
477
2151
155
290
2152
422
801
2153
88
144
2154
460
1157
2155
19
26
2156
39
72
2157
176
294
2158
30
56
2159
61
144
2160
169
442
2161
61
77
2162
84
167
2163
118
156
2164
35
63
2165
191
531
2166
8
12
2167
10
17
2168
22
55
2169
58
84
2170
74
97
2171
9
10
2172
61
235
2173
241
371
2174
3
8
2186
454
1399
2190
921
1433
2202
2
18
2208
588
1440
2209
430
904
2219
33
365
2221
70
370
2222
120
339
2226
353
770
2227
304
595
2228
303
629
2229
320
840
2241
491
753
2242
649
1668
2243
1132
2916
2244
99
231
2245
525
1084
2246
78
133
2257
422
724
2281
147
258
2282
195
302
2283
47
101
2284
29
54
2285
93
307
2286
262
830
2298
309
698
2299
307
735
2300
249
506
2301
718
1674
2302
168
318
2303
300
741
2304
98
310
2305
0
12
2306
232
487
2307
10
99
2309
16
64
2323
158
304
2324
626
1581
2325
359
981
2326
680
1200
2327
126
246
2328
166
333
2329
301
642
2330
834
2868
2331
275
629
2332
13
40
2333
329
870
2334
8
11
2335
121
390
2336
122
337
2337
319
580
2338
382
915
2339
262
437
2342
415
1140
2423
357
924
2424
366
564
2425
104
174
2426
143
212
2427
155
375
2428
213
730
2429
298
426
2431
603
1054
2432
183
333
2433
350
669
2434
760
1325
2435
685
2311
2436
255
360
2437
258
395
2438
217
1009
2439
64
155
2440
657
1363
2441
109
301
2456
735
1718
2457
83
191
2458
225
694
2459
68
160
2460
168
317
2461
44
89
2462
235
571
2463
671
932
2464
144
343
2465
82
171
2466
169
440
2467
238
347
2468
20
116
2469
18
30
2470
5
7
2523
49
90
2535
277
398
2538
16
28
2539
167
456
2540
4
15
2541
6
10
2542
103
272
2543
0
11
2544
14
17
2545
1
2
2546
1
1
2547
85
164
2548
43
74
2549
14
21
2550
4
16
2553
98
278
2555
163
494
2560
166
246
2561
371
739
2562
0
6
2563
255
342
2564
81
193
2565
395
735
2566
60
139
2567
8
14
2568
133
295
2569
19
49
2570
11
32
2576
19
93
2584
91
208
2588
528
2368
2589
40
626
2594
408
1295
2595
260
707
2596
34
69
2597
255
545
2598
15
59
2600
226
433
2602
23
45
2618
210
402
2622
69
223
2623
17
27
2624
46
121
2648
291
952
2651
32
52
2652
19
38
2653
378
616
2654
174
444
2655
57
77
2656
495
961
2657
380
597
2658
115
188
2659
522
903
2660
165
280
2661
239
620
2662
248
448
2663
84
199
2664
40
68
2665
142
232
2666
127
309
2667
40
102
2668
268
751
2669
112
198
2670
20
43
2671
26
36
2705
828
1288
2706
88
288
2707
128
328
2726
153
603
2727
226
446
2728
221
454
2729
479
1041
2730
419
877
2731
171
308
2732
408
986
2733
754
1425
2734
377
647
2741
368
1435
2742
167
410
2743
607
1192
2744
154
555
2745
73
153
2746
174
489
2747
65
130
2748
524
791
2749
226
421
2750
153
341
2751
472
1075
2752
269
758
2753
511
1459
2754
415
884
2755
23
62
2756
432
1703
2757
197
789
2758
68
154
2759
59
176
2760
128
226
2761
822
2130
2762
165
607
2763
404
1029
2764
182
554
2765
115
469
2766
68
245
2767
37
85
2768
422
604
2780
117
442
2783
318
543
2785
0
10
2787
10
62
2804
30
66
2805
80
101
2806
321
567
2807
0
4
2809
740
1516
2810
21
61
2811
134
255
2815
361
600
2816
141
253
2817
30
98
2818
934
2070
2819
409
1049
2821
501
1742
2822
199
309
2823
202
477
2824
74
161
2825
36
72
2826
7
17
2827
34
243
2831
18
40
2840
0
2
2843
80
130
2844
225
538
2875
591
1036
2876
403
833
2877
194
443
2878
300
467
2879
466
829
2956
338
762
2957
286
587
2958
100
169
2959
59
86
2960
56
134
2961
134
313
2962
133
337
2963
27
36
2964
68
147
2965
95
235
3064
125
326
3065
351
1294
3083
305
1250
3085
78
222
3091
221
697
3097
156
424
3098
309
624
3099
0
530
3105
287
481
3106
168
386
3107
173
431
3108
211
339
3109
166
246
3110
798
1749
3111
285
405
3112
320
537
3122
290
674
3123
334
929
3124
239
525
3125
76
176
3129
121
168
3130
307
543
3131
144
269
3139
383
765
3140
319
757
3141
67
173
3142
410
809
3143
525
1195
3144
422
751
3147
8
11
3148
16
22
3149
21
38
3150
52
79
3151
18
27
3152
83
134
3153
191
479
3154
5
14
3155
285
618
3156
285
592
3157
185
337
3158
207
539
3159
73
154
3160
79
132
3161
12
18
3162
34
78
3168
68
217
3170
303
675
3171
318
541
3172
731
1587
3173
354
660
3174
187
386
3175
307
634
3190
266
770
3191
193
283
3192
323
526
3193
92
184
3195
91
138
3196
478
1116
3197
76
158
3198
150
464
3199
104
219
3202
108
318
3203
166
289
3204
36
63
3205
35
171
3206
68
144
3207
287
750
3208
281
412
3209
449
952
3210
152
305
3211
413
1141
3212
450
1026
3213
71
138
3214
222
607
3215
70
197
3216
67
147
3217
47
355
3218
213
577
3223
866
1581
3224
1360
3346
3225
45
61
3226
145
403
3227
73
120
3228
8
22
3229
147
306
3231
181
407
3232
272
574
3233
196
482
3234
67
152
3235
67
122
3237
220
708
3238
337
729
3240
330
744
3241
72
116
3242
150
285
3243
55
363
3244
163
449
3246
96
261
3286
30
132
3287
48
134
3288
118
167
3289
338
776
3293
335
632
3294
148
436
3295
470
1403
3305
37
56
3309
140
375
3316
158
571
3328
52
153
3329
74
199
3330
73
182
3331
70
201
3332
31
77
3333
121
269
3337
17
102
3351
48
163
3352
20
49
3353
2
2
3354
33
64
3413
34
104
3434
78
171
3436
155
282
3437
260
467
3438
191
396
3439
114
237
3440
25
63
3441
31
65
3442
72
175
3443
19
39
3444
89
252
3460
87
307
3461
4
14
3462
13
34
3463
18
71
3464
9
23
3465
8
14
3466
13
29
3481
32
144
3482
44
105
3489
128
429
3503
216
493
3504
309
583
3505
403
664
3506
333
449
3507
97
246
3508
10
17
3512
41
76
3513
76
203
3514
134
340
3516
93
168
3517
38
74
3519
105
188
3520
23
136
3527
388
571
3528
88
124
3529
275
462
3530
248
420
3531
302
572
3532
141
344
3533
110
309
3534
114
254
3542
30
115
3551
138
366
3553
87
237
3554
5
22
3555
292
692
3556
4
8
3557
4
34
3558
3
3
3559
17
32
3560
49
77
3561
32
49
3562
133
233
3563
168
444
3564
135
352
3565
20
47
3566
118
297
3567
10
33
3568
4
18
3569
102
252
3570
84
133
3571
281
493
3572
264
466
3573
356
611
3574
175
372
3575
87
271
3576
290
732
3577
29
89
3578
100
222
3591
22
51
3592
5
8
3593
3
5
3594
241
600
3595
106
309
3596
2
11
3597
125
200
3598
44
83
3599
2
7
3600
52
105
3601
59
97
3602
8
20
3603
0
7
3604
3
14
3605
1
2
3606
7
14
3607
6
6
3609
99
155
3610
35
90
3611
93
201
3612
63
101
3613
78
121
3614
24
42
3615
16
47
3616
14
42
3617
0
12
3618
8
35
3619
65
98
3620
85
150
3621
46
100
3622
43
84
3624
71
152
3625
27
71
3626
236
715
3627
22
61
3628
15
56
3629
163
450
3630
37
105
3631
324
665
3636
17
29
3637
32
128
3639
28
54
3640
79
245
3641
28
65
3643
30
52
3668
414
773
3669
388
655
3670
387
730
3671
291
590
3672
174
387
3673
270
649
3674
241
655
3675
158
446
3676
130
443
3677
33
47
3678
36
151
3679
51
73
3680
207
664
3681
32
70
3682
42
76
3683
21
49
3684
16
35
3685
186
495
3720
193
551
3729
27
104
3730
26
95
3731
41
167
3732
230
531
3738
16
49
3739
4
89
3743
86
170
3744
137
430
3745
35
87
3751
174
918
3786
83
272
3810
70
141
3811
0
40
3812
35
41
3813
122
198
3814
22
32
3815
8
9
3816
100
153
3817
21
45
3819
1
5
3820
10
11
3822
4
5
3823
81
396
3840
8
14
3841
19
25
3842
0
4
3843
10
34
3844
11
18
3845
2
3
3846
10
32
3847
20
64
3848
0
0
3849
1
2
3850
121
155
3851
28
77
3852
3
9
3853
68
154
3854
0
3
3855
5
17
3856
136
285
3857
17
31
3858
67
142
3859
2
3
3860
20
77
3861
11
18
3862
7
13
3863
3
5
3864
24
43
3865
0
3
3866
38
73
3867
38
71
3868
7
8
3869
1
2
3870
75
132
3871
1
4
3872
29
51
3873
24
47
3874
25
71
3875
76
152
3876
154
261
3877
3
5
3878
29
78
3879
39
94
3880
17
48
3881
55
234
3882
30
43
3883
0
8
3884
171
355
3885
42
84
3886
48
84
3887
40
64
3888
37
104
3889
20
49
3890
43
63
3891
97
124
3892
103
174
3893
91
178
3897
32
94
3898
1
5
3899
2
8
3900
19
59
3901
19
89
3902
4
15
3903
0
19
3904
0
26
3905
6
10
3906
1
6
3907
91
193
3908
0
19
3909
7
25
3910
67
194
3911
16
66
3912
4
7
3913
6
10
3914
1
2
3915
1
2
3916
71
210
3917
3
7
3918
0
2
3919
4
22
3920
8
19
3921
10
19
3922
115
322
3923
5
7
3924
53
95
3925
89
141
3926
45
81
3927
4
7
3928
6
24
3929
3
17
3930
89
179
3931
107
271
3932
74
169
3933
30
68
3934
24
43
3935
3
5
3936
1
5
3937
2
12
3938
17
43
3939
6
9
3940
7
9
3941
0
1
3942
7
16
3943
12
15

